6	130371227
18	55080437
7	74122854
15	60878030
2	27730940
1	159678816
1	91530305
3	49891885
7	22759469
6	116314634
22	41339367
2	113838145
20	43042364
10	91007360
5	172191052
7	72971231
11	72496148
15	51745277
2	88438050
1	247612562
6	126851160
2	102744854
2	629881
12	121424861
17	72699833
8	117007850
11	60021948
11	13357183
8	9183596
22	39074737
2	214033530
16	53803574
11	47312892
1	154426264
3	170705693
1	66102257
12	103537266
1	27180088
8	126344208
17	16097430
3	135932359
14	73011885
19	45422946
20	62343956
7	36084529
15	53728154
18	12841176
9	136142355
8	11664738
21	40465534
18	57897803
1	40036847
